123456123456123456123456123456123456123456123456123456123456
1234561234561234561234561234561234561234561234561234561234561
234561234561234561234561234561234561234561234561234561234561234
561234561234561234561234561234561234561234561234561234561234561234561
23456123456123456123456123456123456123456123456123456123456123456123456123456123456
1234561234561234561234561234561234561234561234561234561234561234561234561
2345612345612345612345612345612345612345612345612345612345612345612345612345612345612
345612345612345612345612345612345612345612345612345612345612345612345
612345612345612345612345612345612345612345612345612345612345612345612
3456123456123456123456123456123456123
456123456123456123456123456123456123456123456123456123456123456123456
12345612345612345612345612345612345612345612345612345612345612345612345612345612345
6123456123456123456123456123456123456123456123456123456123456123456123
45612345612345612345612345612345612345612345612345612345612345612345612
345612345612345612345612345612345612345612345612345612345612345612345612345612345612345612
3456123456123456123456123456123456123456
